$ANSIBLE_VAULT;1.1;AES256
38326633356434626339356361303035633331613736653138633866326533333333396463363438
3536333563383461306332363562653162623333363237620a326365363533393832333436323037
35356664636635633031613631643363666632313863663535363461656233333530663865646437
3964353164666235340a396231393033396233373162646465393961613630616638616164373433
62636164376131303662633933376635653434363831323937633035303430303237613964326435
32306630393066633766623763326263303930336566386164623939623963373735393366356465
30663434646638306438316466623265663466656364646636353137613032663138613361383737
63623030643838363739623965386161656535613136336662643435656333393366323936303863
34373139373530356531656264363161636432616237343438613036396235323034303866623435
36343466376663633964633639626538653735396364336536653363643637336439623163343734
62376563643931323262643862333330363733656266346135316163633566373566383837303865
66643030363864303033316334353539303764396432313736366665326463333563353134613230
35636462323161363861663637653437386332613538366636626336346562613465363636353062
65663864636132316362373032353063333266656237653161613332633738663932346266373466
64393830353463373838353939326461633961343330373131383932613562663631613839613965
38623934633834626563643331356231316537353937643338366332363362323536353539623666
63313234386164666339366263343565383566373966316463653633336333333838616362653137
30356364633965396230303437333061626434343135653263326430646239663337646134373334
32626230663735326235636534613935396566653230636533316130363330363834316538646431
30383962303165353164323939303432616632636266333338366330643734333661656634383163
34363536353938346333323062623261623535393366313237653239376262663162623033613632
36386631623565306637646362626231336361336435366264663364643734313131626233363539
64333738373164653163353561616364666233303338313530383631306231333730623632363038
33303661356136663831663632653963626434616233363035366632646263383235323836306262
63636436356637636533373266333766363164323863326666666533386161376335306362323633
36336465323465663836383663386362636130646562373533643335386462643630653464383338
32376161353364343064386130653334633163313636383861363664353664363932646365316464
37666132666564306431376430666530623164363066323062643231643537643730336434346136
65373664353038336462393132633261373539363430393232386462373539646163383332366561
35383966393632363432353432613862353732613936386539333966303538376339306338366530
39346362646632353365326261646266613930396461326235613930363832346631643636633462
31663636326561333262383964653630633031393933616431343431343931336463356666306564
34386462383733643235313636653433356635383636363631613135346136386532326361383739
66333131333039373534383162663135656464356263363932366436346562366462363538353230
37363234336335643035663436346461346434323966313231383566613637653830323138666231
63336466356534313762393333623736346634633734623735326664656137653430613564653462
66343961306365613335393462366463306634643034336239643264353230643632613466363130
32366437323863383231316364343632363530346337386236313732636338643664653562373531
37333766366433363035616238393430656631373363333135613565666234376239313366373535
33323831326239633936313937313065383535393834643564633537396465643633366633613066
63373364663061383961303861306230303566313066653465356565396434333932663036316265
35373432666636393935346633366238666534306235353032313562326565333732633734623361
38373835373433656132326664346630643330323066636361613033313330383465346364323639
31303638613536396432356237616637343266616233663961346562343166303138653261376632
66326165363463336235333633626236613262333963373861376166616564306433666465633065
37623438643363663932306264373032633565316634666537656565646130366430633639366365
31323037323636393266656363343666613566613631396561363034313264303232343734613863
31373964313065393666313836666631303664643637616638376438303235346234373035316666
66663436316637653562366565313934383938623035333866306132656330653763343637656631
66393463633734366236353036376533356536663135663963623834643735343362353063306635
34383761653432653838386430383735613362653434343539363930306535326664336432633036
61323233653239316132353330376531366361326130646230373231643863633839633335343434
61623966666532333736316637313832333732303731343835386534653136623333343466303130
38353634656437643136303363333434623335643564666534646438353934326431333136313265
34313830323136376532666532353037613466613632316664316561616230646539346637393463
34636433316565316638666165363239333266373130306463353466373062616335613534306563
66636532316238653530373063333166326238646461643830663236643761653432313736613036
32393761386237323732613136356530353038623839616332383161343038353064353639366163
35313231646466383538323137386434376631333232383832336139366462323162303939336665
62653061666163356463353361623463316537366462383232306463303238303563623732383464
65303431323931666466646463663631373665306234626665383734656532366630346536396436
62396161623932373535303864623063383466633532383163323566326462316361303766353436
63356366396662373165333561393736666665633964626366656165626232343633333838623564
34333664626634653733623732326666643634343863383836336366353461623835633835336631
33343935666531656561623633656337393562383230633336646133366131336131326138316636
62396233393936626534373461613331393665333930376435646263313962323132313563393439
30626638666234343835303636303630373735373861656638623633336462623939363266366363
36386536613134626331373862373931343831376333626630393766323666373636316262393530
33643166313162306435303838613434666234393063633739343963643639383734613836316431
65633138386538306133383234656266653332626665323236333636646566373531303036336665
62346336656231633032333038646131333735373833393837616465613962303836613236323538
33616162653264366538303837643235633034633730613135373437343033393165363065386466
35633234663232303865393837616362643430336138616562306134306433386533633731333834
39396262636633393163326133616464323464646435663063323132656235333565623261633765
32333964646531646264333035653330616236333734613935646439396365633764366463633939
30353432633036393235373832383739666339376533303964653262386664613138353665656135
36326366346630643062383339376462383262343963393333663839636439623363303533336161
63313261626231343835353864343539656264653761376630623437646364363263363838353932
62653235343265313535633431616566643235356437383966383037363330303761636132613865
64636461306262393465303434656332366334316632396337316263316464623234376662396564
63346433386233316533346631616164313131343830333035633136313334663831366230656165
63666565636666346237393336396132363563643638653530353832613065623936643764323735
63336232333132363039306134346139376433363766653830323465396332373666333066396538
32666631626234653833663461653039356539663939353338393338313962646364356563653462
37393864383634396238626263373137656164636361663435313930633234613463393062636566
32313930373766373532653562313136383138386533343265333330623963356361653933623761
38323062303338373765663162616562666561313830636462393366386235343130653663383464
63356438306162346464346435313962653935623733326334323639613437393231663830386435
36386265303637646535383134653232393831636262336436626532383938626631383739616232
33316261343562653636653261656137356664383737363733376233393435366334383637663663
65653832343834306537316330636266663236333830343338633235383935363263383632303439
36663032366263636665646466323335653837353830653665396430343262626533366639376634
38373864363834396234353032326434376236393865323939633339323033663464303364613234
3537636530326335303764336633333563373132386633326635
