$ANSIBLE_VAULT;1.1;AES256
32306339633932376265316134383962633133633339653233666438613365643739303765626538
3333386263383332323862346530663165653130373533310a373666323865626431396462613863
30306664333366346266646135326265313138643963363338303639346436643864313836316665
6538386431366136340a373633643465653231383861343433343038313262383934386639373531
32633964666339626639376466643939303839313764643733373031333261633033343662653338
66303337363462363334373561326636643439313539653164363739313137653363613536303536
64326566376535623766343861623932366161323431363864313938613436326464326662376637
33346537613936323634646432343165636263313231623964633939313365653630393165393462
33346263633731666530613734623235633263316531373262653964663661333237306135373834
35326634323937346137393265353236326364336436373635633565336336653566336234373061
61343533343861623964663033333431393532663039323766636533393835636135626538366665
34393137616233663266663333306666363138653737646632396563353264373132316161346331
32643561323231376161613536353566396362376630303930363830666437353431396132646339
62313934373634373538386630316133656563336338636363616165346130663635353733613366
38663463666235346466313262316163343330343539616231383466626265333431393135613136
66373762633831626561303337366439343139303231343435346235383966623263313932376230
30393563373263376262616264666665646163323666306231646330316133666238353665653539
36346662333835313663333837663434656161623538623239356364376338376231353634323130
63303537346538326335626465373565376437616463633530663661303461646334663665623430
32653435393630666434356430383333613232363465366630393537323166623361613734663063
32336530356536613965393732623962303336343461616265376163656530373664323364643231
31616537646238373637333931616233376563323137326363633262623663333734393261316565
39623036366638336635313438313738333038373538393135366634353665333266336134646264
37393634623632333331376466396165643866643735336165363964663837373362323036363265
35333036643638383138326363626334323539653565363339613831363063323938646535333966
37666265343433303037353830633965626535653139373664383462653732363237666463306663
39383062346533343461386330653662326565313336656139346432303439316534373065393364
61643833313666343238326137346166396138386466353835326564663665393635323931363537
61333263643535363835303438356137303862613832663761346436653466653537653839666162
37616265326662656438353434366337383231353463316630653765623364633635353530333031
31626537313163633434303931313937343164373631376661663532376262313437613434313363
62323062646164626135323231326136333932376366393732306563343264393163353632353664
62616237663865616432636636646362346165343237653465393464336333646630366162646635
30353863633039626637643566336363373164306561383133343131333161323135333763363864
36343236393166393635386564633731383966306333376665353730656331343330623539653931
32633030653139366130343863383061356336386238616132616434636330623633366330653034
61643162633332616436373964643663646632303564386132666138323034613537353366383362
35323835396237653266333562363466633663393933396535383064336438366162323264656232
39663030376336383331386462383634643261643964303661663666643739393238653533313065
34373231626334653565653966656539303862643863646131646134666637346663663162666236
63396138363330626130653566376434356239376135316138613037333837363239393266346665
61363734643432633565656330343939323435333631343936616132376366326238613662336465
35623732393435316461663366303933376636623161336133636438623539333132653333646535
39313466353935333466623633313961383233643064666639393630376139313866356332376634
65663064353338303666343464633163643262333066353762623063366136343337343532663331
65646364393563623935653964356532373836373366643637356334303462366236306132343064
66373232383139383161393333393138346164653731666433373430303730366230313130383533
34643035373039353039363038313566313364353838353866373134313733373537643232346236
63313265626561313561353764333634633766646130303535376438343166396438383236333662
35633562613730643334303731323831323562343237323938333935323738376236363265343930
35353734333733303234393434313762383531623635313864386538396639376164623930353161
33376531633134376534363038623966363036393766633765303636326364346362383832616232
63333063333162653232373638613666666439643031636537356666613639656232633534656339
62396531663437353231333330326434663564343031663238356538666435656663666138663437
64316639653864616430363062336463323661646333383835353437643834323165653563363864
39353839333537633631303137393365366438306466633963626233623338306239616138643462
37663933633333316138383031396163616562343161663265376531306161383861323663616562
35653666383565356435386639643433323736373136643935386362663763363232633562656137
65313137313139663933633133363664333836356438396237656362346138356437326334303333
30323263313933326535663930636235336132356332333663303965323134393433656334656333
33643461643661343361656461396332386439373934633132333137656536353239633936393666
61653931323735613633643838393339353463616462363164626663303130316566333966663831
39363861356536653562653234383861383738303738353963313837343637383562313038646632
63396561623238623263393864336231366465636664326263363461323132653062633939353663
32643738333030643465313732353438646332383233643061356436373765323461616262613731
62613735646566653834353765613039356562383338333731626633643831383032373166393636
33343463663762663533633236313464313437653966623035663639326263336361626137393333
39626462373637353765616534326537636266633738616462323166303936383630663834646439
37656130303033613535363562623137636138323437663962626339623462386364326261623537
66656537366465383139656661303665373135323538356563656231346462343532393565646235
63396136636366643539373132313130613835313566636231356361346265663435393038623133
34643863333634393433323662343463623962313532326537333265643336636433623931343130
64383834363562363161633263366330356339356538336465346230643665306263383335643932
36366464376233656461393734303966663363323866393439366163323130306637366163336166
36343161323837643937356633316435386264353037643366633462306133393963626264366330
31663439626532323461376639616562333734616634303663653135613538646363616463363163
65643233343736353638303833313437343436396335356433363962316464386534646434303863
66316135643566323663346430383931633161623965396138333336303365326439326636663139
66643462626463366561373438633434663732363966313035306366626261373062316638326632
61663966616539316636336663323262316563636366616636303834633838346463653539346431
35323139343263653238336532363563313263626365323465393033643433633064636131353237
36346134393733373864346530333830323833353438646566636132373336643036656636316631
66623966396131386337353564643939343165623730343831323933623730303039666535613537
38326134663365336632366635383032323932623635383232373765366366643564366631383930
31636331653934663232616635356232663061336330326361623462353335353336323662643937
33303639353230616139343265326166303465643835663130663839373064373930623939353037
39346536626137373230333662623133613862653336353561363239623730353163643733613633
64386363396465656434353365663565313733623330376632323131303963356431313765346634
64656563343565626134323536663339303233653039356337623439396334323633353065636530
36643531633566306530346465623666353233343032643733663062636539633335323730666262
34386131323664383136346331346532393466326134313537326466353261633135616333633065
32383930616236346261326461633335303066363838653036396232376537323333656466626665
33633133613265306634636330313761326139306363666662316132623032613237636430353731
39656164636330666139343732313666373632373766333230306230323463656162373937306365
64363534306463663233323766336537313431313663656535616562636338613564336234643131
66656263373434633962356637616238366435336336343133376333636164323434333438643035
66616464366235623661613433663866646433333964326664346237323030643833323635643731
37383236333666643935323036646136653166346561363964643830383137376363636366313835
35643762633335356562336363343265303362613133363663653532336362306231646362343163
38313132383238393163333938383439663264303336663239653163363136666363366439343938
33626630356634663262376438623931623338323666336239656264383266303932386436373964
30643739353135373532613532643864383361323664333238363763396537333965333536326234
35653231386634386665343737306239343263333266646534353262613266333739336432373266
33376139353662663431316664636462333539323036366531653365383365653439373430313934
63306630336437663834616436306431366666326339663433313933353735393365396536663838
32646238326162656161316532626635343330623664663338393836336337383066626665306165
62363537393163366461306633646135313131383962343961336633333138623330343239623230
66336634303837613339
